0
0
433
-52,-4.511132135719819e-05
-51,3.310743086626208e-07
-50,0.0004599797357403107
-49,-0.0007019864056718231
-48,-0.00048430364619319005
-47,0.0032972869830910196
-46,-0.0068378119657796005
-45,0.0006647505131294181
-44,0.031185893267148285
-43,-0.05052390323874995
-42,0.05836717512504311
-41,0.022484901174943693
-40,-0.15660104176524486
-39,0.28305953949699175
-38,-0.1926870402013745
-37,-0.27578051471132453
-36,1.4026483976959607
-35,-7.039865805331104
-34,-8.461729960958403
-33,-10.031033664056077
-32,-9.473915364353502
-31,-10.1378623280358
-30,-10.386178748537983
-29,-9.896228958354278
-28,-5.239720107671818
-27,-2.377839313645351
-26,2.871466008690635
-25,4.078166340854506
-24,4.776304134042745
-23,0.814551092327415
-22,2.3888741129852016
-21,6.104267564205883
-20,11.063517889877994
-19,6.769434853690198
-18,9.720213763817766
-17,10.763288765938228
-16,17.298277328499502
-15,14.70663157183707
-14,14.468574121039884
-13,10.790795247383471
-12,4.114161158610419
-11,-1.462232090313653
-10,-7.794421325358297
-9,-9.591778251703586
-8,-10.449882513953995
-7,-9.793822942584494
-6,-9.83510971307255
-5,-11.676602965620061
-4,-13.128477433101738
-3,-13.72689387012385
-2,-13.336996514475938
-1,-13.961458144412953
0,-15.916943808249341
1,-14.925329067453832
2,-14.894625112643382
3,-24.368083232499583
4,-29.09758105840813
5,-18.672504069309912
6,16.052307651045695
7,69.2694197835322
8,154.31471122142773
9,196.34629110239612
10,225.89763857496303
11,159.293019015883
12,139.21621146322508
13,75.28481533319075
14,33.07687549943051
15,-4.671335133135755
16,-8.544051439869172
17,-3.4321891234360047
18,-2.2192984044083235
19,-0.015590444407149665
20,-5.1277016378846625
21,-4.585164054665229
22,-3.483557570735413
23,-3.527495305792377
24,-5.085508546024574
25,-4.515456804099981
26,-3.9361591810750496
27,-2.5540893218443044
28,-1.1892611593566815
29,-0.09152645202852641
30,1.4702128184721193
31,4.971243963732386
32,4.759213314611721
33,5.174087966856819
34,6.8167619357306215
35,9.934522596915581
36,10.125281112648514
37,12.341689941635607
38,13.746338330203947
39,15.972300557411824
40,17.118055229385757
41,18.547733863178244
42,22.639981222467664
43,25.39550555292723
44,28.18954724393672
45,30.771594169831797
46,34.30642937136089
47,36.49161572979171
48,40.77259672687917
49,44.5426720529782
50,50.49401973215094
51,56.53589925787969
52,62.817892927788165
53,68.20766868385763
54,72.62368823436967
55,79.04205330335365
56,86.11479507922726
57,91.86177205999236
58,96.70862698583718
59,101.3554886056478
60,105.73383900526602
61,108.68408238696176
62,110.4463824005016
63,112.84042067647636
64,111.25958826808929
65,108.28466923576582
66,101.1630859884991
67,92.05603288369987
68,80.20323313025006
69,70.40069913914235
70,58.968866415781186
71,48.03847926425309
72,36.04442484634436
73,28.511887687976508
74,19.918243408433867
75,13.841341882403766
76,7.453100835813768
77,4.861495445646191
78,0.8574810628638886
79,-0.637983598492632
80,-2.8671520472898693
81,-4.329703414611189
82,-5.47871254952892
83,-6.1090459627626155
84,-6.651213918801108
85,-5.700189945663922
86,-5.8977271485921925
87,-6.404865739465072
88,-6.74245826846695
89,-6.07998130039526
90,-7.348688981260375
91,-6.423250877243303
92,-7.125010653465595
93,-5.164362207174852
94,-4.8571604297122954
95,-5.575295488940345
96,-6.444229861579093
97,-7.746552055155844
98,-5.586767420471486
99,-6.754171725073207
100,-5.3797528956684495
101,-4.3481745449576605
102,-4.996506448706041
103,-5.608618331652711
104,-6.036554504451427
105,-5.6869668556986825
106,-5.469979647666146
107,-4.490281137962219
108,-4.531450754510678
109,-5.352014062612828
110,-5.593450473410346
111,-5.192185080810814
112,-6.310130377626564
113,-6.392238374275334
114,-6.282752218294687
115,-6.2670723458275095
116,-8.827985501656244
117,-7.477140463229204
118,-7.811616672940854
119,-7.573224132839145
120,-8.20424705122321
121,-8.301558344173758
122,-6.971170024012932
123,-7.263118938258718
124,-6.553386391197721
125,-7.765653338858972
126,-5.581880461246941
127,-7.1541009126987065
128,-7.224893814894369
129,-8.913071052105026
130,-7.960620264702128
131,-7.778468734364986
132,-7.781389479050319
133,-7.957963749916937
134,-7.892207689847008
135,-7.561436432335096
136,-9.561504166232044
137,-9.476339625880797
138,-8.781508262968252
139,-9.309470597016519
140,-7.571713329326629
141,-8.725692732909026
142,-8.608379444245008
143,-8.84618249134533
144,-10.57287491922803
145,-9.378271084259902
146,-10.181022021970199
147,-9.331973774717524
148,-9.296257737390915
149,-8.89756607493094
150,-8.682364185080004
151,-9.977637742170812
152,-8.900300452382362
153,-10.107367191971234
154,-8.979088906954455
155,-8.772841477138096
156,-9.659985711853029
157,-10.027613222004044
158,-10.37907161337819
159,-10.446382171809374
160,-8.722299764007325
161,-10.736481601010928
162,-9.851570908365783
163,-9.05287630162539
164,-9.526606153873402
165,-10.403137906073828
166,-10.457940629011627
167,-8.973672174351465
168,-10.307380683472438
169,-10.694677134982348
170,-12.476379194167663
171,-12.400146268809422
172,-11.3263393038732
173,-11.669106470924564
174,-10.974324011218606
175,-10.660653659517777
176,-10.805505574179303
177,-10.609296609011224
178,-11.439703039638486
179,-9.53067629256862
180,-7.721759256658034
181,-4.575763353108858
182,1.5637742008736029
183,2.4988690003308562
184,3.4727725534078973
185,-0.07154626018576371
186,-0.556736032815948
187,5.5990633018538665
188,10.314285277422416
189,6.527058516143206
190,7.656178527882795
191,10.098329528442719
192,16.46969679131649
193,14.548278557406897
194,11.726400778064106
195,10.944100616200545
196,4.880792280273392
197,-1.7923765444458373
198,-8.108668908611165
199,-10.794894954331793
200,-11.35717631909045
201,-13.43429443862052
202,-14.025604290410541
203,-14.59344674638973
204,-14.430597832441059
205,-15.60551129483692
206,-15.778033991616216
207,-15.619861983624773
208,-16.94023814956305
209,-15.496553473548508
210,-16.682073101438455
211,-27.264163738098446
212,-32.22426943458244
213,-23.50520510752935
214,13.64663096369591
215,71.20068452059871
216,164.23141298489884
217,203.69213847667672
218,231.5706086882318
219,165.08458879487375
220,136.98648244368812
221,72.5436629030508
222,34.99211065787982
223,-1.8484635944832055
224,-9.385385214737882
225,-2.7622560124477826
226,-1.2829612065081166
227,-2.4383637040144386
228,-2.684150600567662
229,-4.8599788887729245
230,-4.561909902364627
231,-3.5664029978254685
232,-4.819309568423218
233,-2.711853193117
234,-1.3595546516662773
235,-1.1932524255152843
236,1.9881448600708587
237,0.652178728327051
238,1.2608118814434595
239,1.878045924006763
240,3.3111528807677715
241,4.704247132910971
242,4.2148189734569526
243,7.37779664969105
244,8.920167343542056
245,8.81755744124954
246,10.439004834058379
247,12.284604849403905
248,14.876252135628757
249,16.260199970256437
250,18.99936442087265
251,20.900917204894615
252,23.6439047736103
253,25.812816991848493
254,29.63039951641664
255,33.69118257467149
256,37.198115910916876
257,40.86760037109786
258,46.800851622168
259,50.48946456451081
260,55.631151886668285
261,61.12200154366871
262,69.48576474355384
263,74.60045321234021
264,79.87121768587943
265,87.04442173147851
266,90.03586383473859
267,96.84044306377716
268,98.76542160050495
269,104.49839748079752
270,106.7566487486949
271,107.17341967012095
272,104.25489088926803
273,103.14793850781722
274,96.5225281553143
275,90.9865566589832
276,81.44070467697345
277,70.37877723798363
278,57.80073568755658
279,47.92562304364162
280,34.09860832270655
281,26.324753202560178
282,16.079588346399184
283,10.967869861867134
284,6.551443618706199
285,3.6027271545048456
286,-1.6034161104755205
287,-3.180181373748848
288,-3.1561032401465825
289,-3.0796565848454085
290,-3.4371603422047907
291,-5.8544103435444335
292,-4.613229815175164
293,-5.094988285617307
294,-7.9420698536388565
295,-4.764687579622352
296,-3.7290740887846234
297,-5.8253531269633845
298,-6.363217970215934
299,-5.681530945409038
300,-4.995308642895869
301,-6.815925188810768
302,-5.433413611064706
303,-4.755579397338804
304,-6.859057424402068
305,-7.9182387705234865
306,-7.0442085019389005
307,-8.30520589147403
308,-7.578871857175825
309,-8.820623472676742
310,-8.128996576404717
311,-6.70097364074009
312,-11.190353538037266
313,-6.073911817065539
314,-8.548283175262801
315,-5.244989194518173
316,-8.381792273640151
317,-9.881801157728354
318,-10.251623010783044
319,-10.304492540487452
320,-8.329717477597796
321,-10.454775732183899
322,-8.480568359423572
323,-7.949401898709161
324,-11.765614369713969
325,-10.80869607842283
326,-10.18997079193285
327,-8.09370012773661
328,-11.748373373688864
329,-11.471190252313018
330,-11.041022760921388
331,-11.938717218115261
332,-10.86266449794168
333,-11.348479823744919
334,-10.394260724546545
335,-13.434665228764922
336,-11.968869328723985
337,-13.485976296558642
338,-14.305387200213765
339,-13.753379687187412
340,-11.364193146121025
341,-13.58921880892975
342,-12.818169409802556
343,-14.072803381070436
344,-13.139037861083922
345,-12.956076458866608
346,-12.76895803245165
347,-12.599596243552673
348,-14.524743458683536
349,-14.798283335267563
350,-12.540450211462904
351,-12.479841691840656
352,-13.672113731232606
353,-11.169823330088319
354,-12.065936188337595
355,-16.609705797857792
356,-14.342622864919113
357,-13.971620858479918
358,-15.63928331091026
359,-14.371996005178062
360,-12.983217649224882
361,-13.653139699309945
362,-13.894384106134835
363,-15.456922231622286
364,-15.787338409120862
365,-3.1603262465602007
366,0.1096043017151151
367,0.5436921297917032
368,-0.49823989924125567
369,0.21866877382753258
370,0.049644521778705354
371,-0.1394283648334161
372,0.12421202268738159
373,-0.04331138893047779
374,-0.003299863147466114
375,0.01114522700656086
376,-0.006295919797222171
377,-4.143718148185403e-05
378,0.0009701216470680619
379,-0.0001772575598035915
380,0.00012367423753782128
